997
989
596
821
419
118
258
239
902
810
553
271
213
787
723
57
874
556
53
317
196
813
500
151
180
293
415
493
99
482
517
649
102
860
905
499
133
741
394
737
903
800
755
376
11
751
539
33
539
30
534
631
714
190
446
409
977
731
282
244
29
212
523
570
89
327
178
970
435
250
213
604
64
348
315
994
508
261
62
50
347
183
410
627
128
855
803
695
879
857
629
145
341
733
566
626
302
236
55
428
183
254
226
228
616
137
593
204
620
624
605
705
263
568
931
464
989
621
277
274
137
768
261
360
45
110
35
212
271
318
444
427
225
380
907
193
118
741
101
298
604
598
98
458
733
511
82
173
644
803
926
610
24
170
198
766
656
474
393
934
789
92
889
460
232
193
877
380
455
526
899
696
452
95
828
720
370
664
792
204
84
749
808
132
152
375
19
164
615
121
644
289
381
126
304
508
112
268
572
838
998
127
500
344
694
451
846
565
158
47
430
214
571
983
690
227
107
109
286
66
544
205
453
716
36
672
517
878
487
936
628
253
424
409
422
636
412
553
59
332
7
495
305
939
428
821
749
195
531
898
337
303
398
625
57
503
699
553
478
716
897
3
420
903
994
864
745
205
229
126
227
454
670
605
356
499
510
238
542
440
156
512
237
341
439
642
873
650
871
616
322
696
248
746
990
829
812
294
462
740
780