991
77
916
26
424
739
558
439
636
616
364
653
546
909
66
472
341
906
37
360
369
451
649
521
2
491
409
801
23
323
209
171
849
891
854
224
476
519
937
345
722
785
312
949
124
20
677
236
820
320
549
631
42
621
760
958
925
84
914
656
598
610
397
753
109
988
435
828
219
583
317
520
940
850
594
801
422
292
883
204
76
860
753
483
183
179
441
163
859
437
485
239
454
940
689
704
110
12
370
413
192
979
990
651
308
177
787
717
245
689
11
509
680
228
347
179
508
40
502
689
643
45
884
653
23
918
825
312
691
292
285
183
997
427
89
252
475
217
16
749
578
931
273
509
741
97
407
275
605
136
558
318
478
505
446
295
562
646
988
254
68
645
953
916
442
713
978
540
447
594
804
215
95
995
818
237
212
664
455
684
338
308
463
985
988
281
758
510
232
509
289
90
65
46
886
741
327
755
236
870
764
60
391
91
367
587
651
434
47
954
707
336
242
387
410
19
203
703
228
292
19
916
411
421
726
543
240
755
157
836
397
71
125
934
723
145
317
229
863
941
926
55
2
452
895
670
216
504
66
696
581
75
235
88
609
415
850
21
109
416
408
367
823
199
718
136
860
780
308
312
230
671
477
672
94
307
301
143
300
792
593
399
840
225
680
484
646
917
132
213
779
143
176
673
772
93
10
624
244
993
346